--  --
-66 30 0 69 -62 75 -2 32 -24 76 -89 -84 -77 -61 -6 99 -30 -84 -58 -21 82 -8 0 -48 -25 -49 75 -93 68 -72 84 -92 79 2 75 -27 -31 29 6 -76 97 -14 -89 -49 -28 42 14 -7 9211 305 9721 -6430 10238 2431 6120 -5014 3540 11823 -12428 12875 4163 46 12283 -4012 
--  --
85 -38 -87 -4 -98 -39 -23 61 -65 -73 -59 -67 -80 70 -44 -9 -67 -8 -77 -17 -77 72 -64 -86 -32 44 5 -80 60 -54 -98 -91 5 -80 70 -68 -6 81 27 -36 -91 -68 3 -84 -54 -88 56 -55 -220 -7034 -4247 9093 13885 -6249 3881 1221 7914 -3687 15951 18256 770 4194 2258 -376 
--  --
98 32 -18 36 57 -69 33 -23 -56 -54 3 -2 45 -92 -59 -44 -77 51 -20 38 -88 -55 84 15 82 -32 -69 -97 -63 -98 77 -66 82 -44 6 16 0 12 99 93 -91 -71 -99 32 33 -81 -33 -98 -14024 286 4651 3607 5794 7912 -11055 -633 9442 313 -3876 -3130 2581 13648 -7913 8859 
--  --
-88 -20 -78 -59 -45 59 -95 -57 48 62 31 46 -24 37 31 11 40 -49 -66 66 -29 -4 15 65 22 76 -51 -62 68 68 35 -35 9 71 -28 -58 38 -35 -46 -67 18 -44 46 81 64 -22 38 20 -8659 -5510 7439 -143 -9406 -9162 6661 8728 3904 2838 -2163 3704 -661 4065 1024 -1466 
--  --
-5 -40 60 33 70 -9 19 25 39 84 80 -46 -80 -5 93 -6 -23 7 7 -80 -8 -47 29 26 -11 43 -11 -4 5 -16 7 96 -68 70 -7 2 -82 -63 -14 -46 72 -80 -42 -87 -54 37 36 -58 -128 3815 -1552 2234 -1552 1267 115 -3473 -2686 487 1465 -5636 829 3724 -1857 5264 
--  --
-89 57 69 -71 -39 -36 -16 -71 94 80 -37 62 -56 19 27 55 -64 -54 -60 47 -84 -96 76 -77 24 4 -90 94 56 39 16 -36 39 -15 14 17 -91 35 86 72 43 19 44 -27 -76 38 8 -1 -1373 -3250 2369 394 1145 2764 -73 2029 -10138 -10400 4806 -7444 5733 3525 3227 -3538 
--  --
77 -94 16 35 52 85 -10 79 -96 -28 77 -22 -68 -4 18 -98 -30 -41 62 -42 -47 -45 25 -95 86 -91 59 -33 -95 -74 26 23 -18 86 38 -13 84 59 86 -48 12 7 -49 -21 0 0 93 12 141 -2889 4290 5973 -13834 -10834 6820 -8112 12946 -97 -2730 3738 13073 8534 -5823 400 
--  --
-98 42 -75 66 -24 22 68 34 8 -29 -41 30 -23 51 -68 61 68 -42 65 -8 0 -45 41 75 30 99 -60 69 13 91 -18 -57 2 93 -81 99 46 -47 80 18 88 -67 -20 16 -65 77 -65 82 -8054 853 -1248 -5068 943 9797 -5417 4673 -377 -280 1231 -6843 -2712 -2492 3594 -4078 
--  --
-2 76 -23 33 96 -54 -28 -9 11 54 19 -24 78 61 -8 -21 -13 31 -75 -91 -80 76 7 30 -97 -4 -76 -26 16 87 -48 63 -89 1 -43 -65 3 -69 83 72 -5 -14 -41 -37 -25 11 -97 59 -3384 8680 841 5114 5645 -1868 -5032 -10184 -6733 2364 -780 -1484 -5519 5331 -3844 -6324 
--  --
18 -30 -10 -17 -94 46 8 -21 59 74 0 8 80 -78 -89 71 -93 99 86 39 -45 -44 -70 35 36 72 -49 77 38 13 -64 -56 -87 -5 -35 35 90 -25 34 -1 -55 6 -44 -66 -15 17 45 70 -1417 2251 5171 -181 6157 -11052 -10346 -247 -8548 2723 -662 4488 -4401 5866 12091 -10369 
--  --
8 -44 -6 -90 46 23 -32 25 49 -90 -18 68 -46 35 -54 76 2 98 88 -2 -55 -80 76 -1 -1 -23 -24 42 -99 -59 36 -60 10 -82 -68 55 44 -95 -52 10 -55 -59 76 -39 -27 -52 -89 92 11362 9796 -5791 5149 -3698 1834 7405 -3011 -1734 8352 428 -4933 -9432 -10540 2605 -6679 
--  --
-8 -59 51 36 -97 -70 17 -67 -88 -43 -47 99 -75 -30 76 46 60 26 43 -3 -56 -45 -74 -29 60 -65 85 -43 -25 33 96 94 -37 64 80 63 -30 -63 89 -43 -68 -72 9 95 82 -61 -62 38 4947 290 11745 3008 859 -2751 -4050 -4769 -8087 6058 4916 12776 653 -4065 9966 2189 
--  --
74 71 -82 50 36 -55 -99 -23 1 -63 56 -55 -42 31 82 -93 38 76 -90 -88 -44 -8 44 -48 -69 -28 -43 9 -3 -28 -16 -11 75 24 65 40 53 -27 74 41 43 68 -66 -4 80 -79 -56 -91 5271 6005 -767 -11128 10712 6565 -967 -1245 -824 626 -4456 3989 -8299 -3091 3102 3878 
--  --
-76 -6 -79 89 -39 87 67 -45 29 -32 -29 -87 -59 -70 -21 68 93 -83 99 -11 -75 -72 -30 65 43 -48 26 -66 -2 71 89 39 69 19 38 -59 64 73 46 -27 -90 -54 8 9 63 0 42 60 -10124 16915 -1567 9194 -7162 -9365 -8788 -93 4062 -4842 -4658 -3836 -1335 15746 1774 197 
--  --
68 76 -16 -76 -19 -83 -22 -49 88 77 19 -47 -98 -21 -71 -33 46 -18 69 -4 -80 81 64 -76 37 72 80 4 -39 -1 -8 85 34 -41 -96 45 29 64 18 82 63 68 49 83 -13 -24 3 57 -546 3885 8947 -12585 6822 -7852 -7923 2107 328 6086 12945 -10120 -4123 -4934 -13439 -1044 
--  --
39 -79 53 26 13 -83 13 -9 40 26 -36 19 89 35 -17 -10 -54 -28 32 99 -37 -23 49 -34 -39 98 -3 -8 -51 11 61 74 -26 -37 81 62 11 32 94 21 -95 94 -54 50 92 4 57 -18 -2602 6216 -1291 8139 2284 2752 -4145 3343 -2606 -4943 3767 4827 -4866 -5052 4054 6999 
--  --
22 20 -71 -92 -42 25 71 82 10 70 -2 -93 31 11 -62 -98 -74 46 -67 -38 77 33 -94 -61 -5 16 15 -62 86 -6 -79 -12 -26 16 70 52 21 -44 8 -36 -39 18 -71 -51 73 -26 -96 -74 -7671 1109 2810 3523 11746 -507 -4931 -5341 -3268 3304 -4 -3506 -9513 1349 3650 3097 
--  --
-2 -97 39 12 -66 -7 -56 89 11 1 0 76 32 -3 0 -96 -50 -66 26 95 84 -44 -74 -46 45 92 -95 0 -69 71 -70 -41 48 0 89 -78 37 47 -99 -51 -16 9 -95 94 24 79 -66 92 -7073 8877 2565 3804 -5949 5878 -2099 -9518 -5621 4527 -5203 -2183 4694 -8847 7868 7206 
--  --
-86 -67 50 -17 29 97 18 -46 -24 -91 -39 22 -17 -78 -48 43 -78 -9 10 -62 -91 -68 19 50 -19 -81 4 -55 32 -74 86 12 33 0 -84 40 45 -51 4 28 62 52 -28 -1 -70 -45 73 -32 11344 2583 -3333 -1042 -12903 -4962 -1699 1465 11514 7939 -261 -580 10752 6191 1853 278 
--  --
-48 81 35 -67 -80 81 83 15 -81 99 -37 40 -93 -62 78 28 33 -50 -45 91 -20 -7 85 -36 -27 -55 -72 88 -2 98 4 29 23 25 -72 56 58 92 -2 -27 9 -33 75 59 -86 -40 30 81 -3992 -6600 6266 -6233 -6506 430 4536 -2497 -3806 9310 14959 -13001 -3935 3511 -6530 1526 
--  --
33 -17 97 29 -24 -16 -51 -30 -86 -61 -95 46 28 -17 -30 -84 84 37 -69 73 -31 94 90 9 44 0 -44 -2 16 47 76 -82 -49 43 90 83 90 12 4 -48 -72 -60 85 -15 23 61 27 15 7982 1076 -5943 -293 -4201 -3790 120 727 -8687 -6750 8205 -10382 298 -4558 -8541 8854 
--  --
85 -90 14 25 17 -92 75 -62 -54 51 -16 -29 -71 -39 -70 -56 64 -78 -73 56 -61 -78 10 86 78 -56 23 56 -55 -51 63 29 33 58 93 36 63 92 87 -48 -61 92 31 -87 -80 35 85 35 10680 -1606 -5269 -1551 16018 4904 -4250 -4523 -6127 2696 2288 -290 -4509 15308 -432 -12839 
--  --
-70 -83 -72 75 80 -86 46 74 -76 95 -69 -25 -51 95 20 7 -83 65 36 -56 68 -51 54 -88 -93 -83 94 17 -95 -81 21 89 6 74 36 -48 -83 -32 84 -83 18 69 46 -51 -45 17 74 -28 -257 -499 -12177 16630 -23722 -258 4183 10473 21596 -1949 -4571 -7428 8120 -10470 5270 -4569 
--  --
57 -19 40 1 -85 97 -1 69 94 -83 53 -68 70 -36 87 32 -59 30 -88 68 54 66 -69 -67 -36 -45 54 -81 -69 94 42 22 -73 -97 -84 -91 -32 5 32 -53 -59 -19 61 58 -37 98 22 1 -5971 -1282 -1562 1894 5431 10388 3612 -10582 -7328 -11403 -2478 6186 -11505 -1236 2424 830 
--  --
6 6 25 -83 32 24 -50 55 -6 -92 2 -68 -52 72 -29 -14 37 -95 -59 -76 16 -48 -73 39 -38 -2 27 -17 -96 19 -77 -49 1 91 -92 -64 20 88 26 95 64 33 -10 4 64 40 97 8 7337 -2465 6338 3484 -1721 -2959 -9192 -3301 4666 3716 12350 263 1610 1371 -1889 7947 
--  --
64 -7 7 -69 83 21 46 -90 -51 -41 87 74 72 -32 -73 74 94 -96 72 44 -79 -75 73 39 -20 4 61 26 -62 33 78 -67 -8 73 51 -4 32 -67 2 21 -30 -19 42 -17 -54 -90 22 43 10699 -7836 -888 7294 10876 -12396 3276 11607 -7832 10763 4456 -6517 6164 -2341 4150 -4893 
--  --
78 16 30 -34 -58 82 -95 -38 84 -83 -65 51 -52 60 49 16 12 26 45 -95 56 68 -67 22 80 71 -49 -98 49 -33 67 -75 -44 39 -16 -10 -4 -12 22 -59 -81 68 65 -22 -84 73 -42 -41 2522 6364 -1391 -7532 -5527 -1435 -5927 19547 -6357 -9736 16008 -7303 7430 5620 -7711 217 
--  --
-17 69 79 -12 95 31 2 -35 84 -36 70 -72 -52 81 48 -90 32 -92 -43 69 -21 80 -29 74 56 10 -22 68 3 80 -30 25 -67 -92 4 47 28 82 82 75 97 58 -85 -41 -90 -16 -96 19 2328 6942 -2551 8915 2304 -8958 -3920 8094 7152 -15586 -2033 5996 -900 4619 1490 3439 
--  --
18 7 -7 87 44 -84 4 -77 55 -3 -3 -48 58 -27 10 82 32 -64 -15 80 25 -41 -12 89 -90 -73 -14 36 94 17 24 75 -5 28 98 -94 -53 -22 83 -99 -4 96 -55 33 89 -55 40 38 9554 498 1828 8425 -8262 -995 -1460 -9642 -2459 -3911 -1954 465 7895 -2040 1315 8785 
--  --
86 9 -71 82 -68 -7 76 -46 34 -5 77 -30 -73 -92 96 -36 5 73 5 -15 47 -84 81 68 22 -46 14 -1 7 -71 65 94 -70 62 -68 -21 -32 12 -16 -64 20 10 38 46 -40 29 68 61 -205 2934 5515 7061 743 -4594 -2823 -3827 1351 1474 -1069 -3679 -2850 475 -8767 -8580 
--  --
22 -99 80 48 -29 -88 1 56 -45 33 -40 95 73 -83 61 54 -88 -64 -70 41 -34 -7 96 59 86 -6 -24 -79 20 41 3 -68 -45 -90 -10 -35 13 61 -98 -77 20 30 -37 -25 -99 -90 14 -70 9225 786 -12800 -14622 6660 4823 -6244 -10358 1288 6686 7526 -3184 2689 -2320 -14405 -10465 
--  --
84 -97 31 53 -84 72 -83 -4 53 -43 9 -83 -89 -18 -55 -92 -98 -49 74 -90 84 19 55 97 47 -61 21 13 -79 51 -89 61 -60 -74 79 -31 60 -6 -21 59 -73 29 -11 -34 -99 41 74 81 -19170 -5087 -3258 -13432 10621 10337 -3614 13262 -1747 -8217 9122 -13813 11862 2741 -577 18 
--  --
96 76 -47 3 -45 -37 -52 41 -84 -59 70 -41 -96 -78 -54 92 -48 -90 85 -61 -18 86 -56 79 96 63 71 -23 -65 -22 -5 56 67 86 66 15 98 -6 -45 24 -90 5 41 68 13 -21 -85 82 -10616 -5033 462 1410 -4745 -3316 -5645 3293 14545 7753 1380 -3528 -5137 -3470 -8018 6170 
--  --
65 49 -75 61 91 96 89 1 -42 -50 -13 29 -75 60 59 -3 -31 2 -78 -35 -5 30 50 44 -41 -56 -83 3 24 24 36 21 89 31 -92 82 -93 97 85 86 -79 61 61 61 68 58 74 96 2368 7171 5722 1005 -6895 -1801 -9588 1385 2689 -75 2960 -86 -384 -1640 3906 5475 
--  --
16 93 23 97 -75 56 -17 -38 -24 -96 -41 41 1 -59 -45 -39 -93 65 -15 30 78 -82 -84 60 52 18 61 -30 -76 94 -4 95 -18 12 -51 44 -67 56 -32 59 -33 41 20 3 17 -33 8 -54 -428 2879 -7070 14602 13359 -13289 -4423 -2023 -10555 9396 5779 -1347 -4027 486 2355 -5919 
--  --
-33 -33 35 -93 -26 -12 -64 14 -73 -40 75 5 -95 -24 31 64 24 41 56 -70 64 -95 -52 -46 37 -96 -7 -41 -65 -13 47 27 68 -82 5 -24 9 36 46 -26 7 65 79 -63 -4 -49 -1 -20 4504 -360 -4741 -122 -4752 6072 339 5325 -1857 -6412 -2219 4009 -6853 -5449 -1344 8191 
--  --
-19 61 -48 73 -89 -95 -78 -70 79 -28 46 -42 39 -75 -81 10 -97 38 -24 -76 35 -27 -44 -75 -11 71 -42 -47 60 -34 33 -14 94 63 18 -21 55 -78 -50 -92 -11 60 -7 3 72 86 74 36 8980 -8204 2186 -1825 2029 -4053 7342 18621 -11651 8402 -3989 -5404 -4938 -2676 6099 6364 
--  --
89 -74 95 -35 42 46 62 45 42 -53 17 -81 76 -81 95 -35 -70 39 -22 12 -55 -46 -68 -72 -54 87 63 -97 -33 97 -67 -1 38 6 0 -54 -84 -17 73 21 82 -4 -68 58 -64 -35 61 -46 -6097 11661 11486 -2848 -10297 9264 -3165 -8902 1730 -2229 9110 2813 -4894 11581 12224 -2482 
--  --
-59 92 29 -61 67 25 96 -58 -96 -97 -1 9 -84 52 -62 -33 -27 91 27 75 -62 -70 22 29 -34 -49 -96 -61 -72 20 31 -79 80 -72 -63 -21 -74 90 52 -90 -17 88 -59 41 53 -46 -87 27 -625 -14524 -4261 1346 -2519 -1427 -8567 4430 7929 -1665 -4410 -10750 3507 -8996 3846 1624 
--  --
54 -49 16 -91 51 99 -93 -34 -43 49 69 -37 90 -29 -33 -70 -39 72 78 -70 -45 -16 59 -4 -68 -36 -33 -91 -41 -55 -61 46 3 5 47 58 -40 63 -71 -47 -61 93 -48 57 -87 -86 -97 -11 2745 9061 6283 -9313 1279 7369 15055 2847 -3656 -4400 -531 -5264 2967 11935 10725 -6412 
--  --
-34 21 11 67 -87 -18 20 -82 -78 87 -90 52 90 -75 17 72 32 -63 96 29 21 -21 -23 -85 -7 8 -6 52 -2 38 -51 58 -52 -84 56 14 -92 -39 64 41 32 -76 8 -45 -16 22 -26 -34 -910 4243 -7198 1671 -3222 2864 -3952 -4687 -87 4407 -11593 -11347 1056 -1182 6546 14011 
--  --
71 -48 -2 -10 -97 43 -51 -71 -85 -78 -62 -67 99 25 -65 14 9 14 -11 74 55 98 -64 62 -78 22 -81 -46 -24 38 -29 -27 15 -65 93 83 -68 91 -4 63 -95 85 -74 -68 41 -23 -28 76 -1590 -4202 2648 2681 7109 -873 4590 -272 1482 -12748 12818 -6493 7083 3001 2102 11564 
--  --
-71 49 -20 79 -94 -95 -6 -29 12 41 -83 -43 85 42 69 -43 -9 14 39 -32 16 12 53 70 15 -28 61 -17 43 -93 -29 22 36 50 -30 -68 -13 38 -25 -80 72 69 41 -82 72 -14 62 -7 4556 -7206 -3611 7852 -1961 447 -8157 -4192 -2576 6958 -1134 3013 -975 3681 10915 -1906 
--  --
27 74 -44 58 -26 -37 8 -71 17 -32 14 -34 1 50 -18 73 51 -48 18 -79 82 -55 -64 9 -2 -28 -20 12 -57 43 -83 -49 64 -47 -74 -29 -17 46 28 37 64 -84 89 -70 65 -80 -55 -45 4291 -1657 -8120 -4772 -376 52 7549 5216 79 -882 4985 148 -3 882 -8951 -3467 
--  --
-93 -52 92 -15 70 26 28 -21 -74 -6 -65 56 2 -91 58 -37 -86 6 8 -24 -98 87 -16 32 -36 70 59 27 -75 -59 -12 -7 94 20 39 11 -93 7 11 -49 77 -86 -40 -19 97 11 -68 -4 11001 2150 5773 3254 -7981 5888 1962 66 5131 -8809 -5043 -631 9444 -1711 5319 -1139 
--  --
27 2 14 -26 75 92 94 68 0 -91 65 6 -50 -16 -99 -91 -67 -49 55 37 31 77 63 35 -32 -4 -21 0 -87 59 -74 0 52 58 16 -83 -62 -58 -15 -83 -33 74 34 14 83 11 76 47 119 -2821 3208 1152 -11039 6987 2989 6006 -5407 -6928 -7508 -3109 13856 -3838 5069 -2363 
--  --
-48 -16 -83 -82 10 68 69 54 36 0 -36 -26 -11 93 5 -79 -31 13 -79 -8 33 -44 9 -26 -46 73 99 -91 84 88 -82 59 -3 97 25 52 86 58 -19 -1 59 -76 -36 92 36 24 -4 -79 -2113 -13109 2214 3551 3393 6985 2149 -4917 -1619 -4467 -4312 1450 -3404 -10823 8771 -7525 
--  --
37 9 0 -14 -30 -70 71 -89 -82 -82 17 -93 -92 90 78 81 -37 53 19 -34 53 -36 -54 45 -30 83 35 22 38 25 28 -75 -83 -83 45 -69 -18 -89 -24 -89 70 -61 -96 46 37 -47 58 -73 -1507 1269 -105 234 -8195 4509 3142 6060 -5311 -2332 765 6505 8843 294 -1564 2746 
--  --
74 -28 -47 95 32 29 -62 39 98 -83 95 12 34 83 52 -45 -94 -47 -76 93 -92 42 0 95 -38 -10 -90 23 42 53 -9 -64 -16 -72 -3 -19 35 89 -32 -49 -21 26 56 -62 39 -27 -45 38 1380 886 -2270 -2900 -1754 2490 2823 1782 -4685 -8438 -16050 2601 -14717 -1066 -6921 15161 
--  --
57 -39 84 -11 -56 -51 -77 25 -93 5 -62 26 68 98 6 92 61 -91 16 88 -64 77 48 88 -56 20 -60 47 -63 -2 -1 91 84 -98 -96 -98 44 -75 14 -31 -89 80 -58 17 -75 5 -34 81 2046 -6444 -6078 4456 2487 -496 1331 -10755 -4255 7570 2388 -8326 -8354 1263 5357 23343 
--  --
-41 -84 93 9 15 48 25 81 5 88 -77 25 -87 -5 -75 16 -72 74 23 -67 82 -97 85 65 -54 -46 -59 -67 10 14 76 -86 34 4 -1 -88 -88 8 -57 -24 0 2 84 -34 76 -18 -22 -40 -8834 874 -12886 -9642 2320 -3554 9108 -6544 11263 -4331 14122 8372 9976 -2303 3181 9113 
--  --
-16 -64 -95 -69 -68 98 41 87 93 4 -52 -89 -23 -25 63 37 -52 -82 -47 -70 -47 59 -95 89 -95 29 3 69 23 5 -19 -45 13 -30 -93 90 86 -27 77 -35 92 58 80 -63 40 48 -64 94 11291 -5478 7950 -7986 -2994 12955 -7586 12444 -2224 -9266 -3136 -5801 -2673 2388 2879 2161 
--  --
-52 64 -96 75 -14 -19 1 -28 43 -85 88 -20 56 99 -49 -38 91 5 57 60 7 -77 -18 54 -47 -18 -99 68 14 -73 8 98 -29 24 61 -82 19 15 -10 13 95 76 48 78 54 -32 72 -29 1249 -8916 6083 1212 -1822 3434 -703 -4574 -1037 6626 -4843 2086 7478 -3674 6035 1621 
--  --
31 1 -31 41 94 22 -55 71 95 65 -11 -43 -52 99 -58 -19 64 36 85 35 55 42 -97 -75 98 51 -80 -25 0 18 -95 40 46 85 -96 41 50 0 67 31 -46 -17 64 -93 44 -11 29 -82 -953 365 1077 3469 1921 2781 3494 5844 8481 4882 6799 -2966 -3526 -983 -7671 -8637 
--  --
84 -58 82 52 -80 -19 37 94 81 41 -99 28 53 -54 -97 -95 -94 74 -43 -88 84 35 53 -34 -7 -80 -34 43 -46 52 60 -82 -63 15 67 21 -63 -55 -54 89 -46 -36 -2 51 -75 -38 84 -53 -15797 267 -6400 -6233 1356 -4712 6779 1531 -4698 16751 3734 -14991 -4448 4941 -7492 738 
--  --
-37 83 0 -24 4 67 -98 63 -29 98 23 7 57 58 -40 86 -97 44 63 39 48 46 91 7 -24 16 -39 0 -97 -80 -9 68 40 75 86 -71 -23 -3 1 -12 -46 -32 99 -88 97 44 19 -22 9941 4087 5392 -2397 -856 -3353 9572 4953 6372 3041 6230 50 -10198 -2356 9567 8455 
--  --
16 96 83 -89 2 2 87 -81 -32 35 81 54 -7 -14 37 8 -1 -85 0 99 -88 5 -72 -98 -2 69 77 -54 95 62 95 18 -4 67 -36 70 -42 33 -27 8 -30 -93 -57 52 54 32 -26 91 -17089 -713 -9006 -13854 -7980 854 -1233 -6122 1884 11805 8790 -10026 1995 3582 4669 -1084 
--  --
-77 -58 -74 86 -11 66 -35 88 -22 -28 -39 -90 28 74 76 76 -91 -4 90 64 45 -41 10 -42 92 -13 -21 45 -51 45 -46 0 34 95 -42 -99 22 53 -37 -23 49 -49 -90 83 3 -45 -26 15 -6763 7540 -9863 -5819 -3642 1806 -3692 -5096 1702 -2344 2609 -2013 3799 -737 -1749 2119 
--  --
-60 -28 68 -50 71 -12 21 91 -23 48 74 5 63 6 -96 84 52 -72 -83 61 -9 0 30 -27 32 95 -35 -26 34 79 -63 -48 41 40 48 21 -15 -19 -98 -16 46 16 -6 31 -52 55 -35 -83 -2351 6815 4956 -2324 7606 4053 -12705 -204 958 8983 438 -4898 3027 -7036 -6950 2062 
--  --
-99 -35 33 55 90 -73 -53 12 45 79 -78 2 -40 95 -63 2 -51 77 3 66 -91 -57 -49 -81 -38 -90 7 6 -75 -5 68 48 31 -80 0 63 -61 7 -5 42 82 74 -70 -32 70 25 -70 57 2886 -8934 5471 -791 3087 15808 4366 12136 -6670 5967 -4216 -3871 -4298 -2793 -5112 -10560 
--  --
51 -87 40 -35 -80 58 -6 -83 76 28 89 49 83 -44 18 55 -70 16 -99 -58 51 2 -69 16 58 53 95 -31 -24 53 18 -63 41 41 -32 91 17 21 -36 94 -54 11 -60 -44 -55 -47 -64 83 -4806 924 4070 -3440 10243 -5860 1865 10936 62 8550 -179 -9870 -8239 5203 -2525 -9458 
--  --
77 -61 -84 7 -81 98 -80 0 -95 0 -67 22 65 39 -26 -76 93 7 -2 -68 -29 30 -95 95 72 72 74 -17 30 -47 -79 53 -86 90 -86 11 30 12 95 -97 -15 -24 17 -67 10 57 -71 71 3006 -7638 -1143 -9222 -16045 -3375 -15092 16235 -13085 -6428 -6489 8694 773 3228 178 -4230 
--  --
76 -25 70 57 19 22 53 88 88 -94 48 92 24 -17 59 6 -43 -51 97 -63 9 10 48 41 88 -22 18 82 -14 -96 -89 -94 30 73 -30 78 25 -10 80 71 -56 92 20 -37 -45 63 34 -94 1899 -11113 2303 -5476 2886 -10373 -3887 -4158 -1724 -15236 -3280 -14076 4001 -3197 2003 1971 
--  --
-41 29 71 -29 63 -40 96 -29 -83 -86 50 -37 22 -28 51 8 26 -24 -37 32 93 -95 -42 61 -59 -83 45 4 68 17 66 -5 16 -79 51 20 15 -60 -22 21 -87 -92 -24 47 28 4 85 35 -4514 -8142 1493 914 -9797 -6233 1663 109 -15571 5361 6467 -7432 -4477 -1944 3232 -805 
--  --
88 79 41 -93 73 12 31 -64 -52 -15 25 70 -53 56 29 22 75 -41 14 -50 -7 64 -1 49 11 -27 -65 -24 -16 49 10 -59 60 86 14 4 49 -3 3 67 91 -76 -60 -25 9 94 13 -7 8046 -4167 -2351 3983 6842 -6201 -1721 64 -4626 3930 -1698 -2852 -4396 6119 -2488 3393 
--  --
68 -30 -81 76 -17 68 87 39 73 35 98 -96 -84 46 90 81 -10 74 -53 38 14 -15 21 57 70 -55 18 74 38 82 65 -56 -78 -52 -37 -93 51 45 -92 36 8 -3 9 82 23 83 1 0 -3960 16220 -744 -9353 8642 -3820 6427 7567 2935 -8477 -7601 17398 10769 -5178 12385 1554 
--  --
-35 -73 24 49 -98 79 -69 -21 32 57 -68 -36 -14 33 -73 59 88 -21 69 -34 -48 9 76 -56 -74 78 64 33 -25 -27 39 -49 46 69 -28 62 31 0 -18 87 -33 0 -89 -78 -40 -70 71 -4 -2531 658 -4549 3629 -6716 -2046 -5993 -2410 5984 -4509 695 -4689 1173 -6609 -907 -6676 
--  --
89 -54 89 79 74 -24 16 -87 -72 62 -27 -57 54 -72 -11 11 33 -59 -33 -82 30 46 -70 23 -43 -69 -75 62 13 51 -44 -20 2 -82 32 53 -6 -58 -90 -11 44 -75 95 -34 1 -13 44 37 -1481 -9853 -9264 -4601 -179 -11069 1791 -3901 -64 5966 2664 6840 291 -5189 3565 -6949 
--  --
74 -68 33 90 -47 66 34 -15 -6 -36 81 27 98 -91 69 70 83 85 32 -82 63 -81 46 0 -5 -7 37 -29 44 61 -10 70 57 -99 5 46 69 -13 12 74 79 94 24 99 -14 -99 74 -12 5710 17126 -360 -739 -672 -10507 3034 1719 -1978 3498 903 107 5182 19562 902 -5149 
--  --
-15 -54 -26 -59 -42 6 53 -13 37 -42 40 59 37 -50 -32 51 12 27 3 97 -1 54 -80 29 -78 -55 40 41 -54 -3 28 -78 -80 63 48 -81 0 47 94 28 10 -96 80 71 60 68 -66 12 5008 -1714 1593 575 -3879 -3639 1054 -645 -5772 -3552 6803 -657 155 -66 4330 -3139 
--  --
62 41 -68 43 62 57 -42 -43 -54 21 -1 -44 62 -25 -86 45 -54 68 22 -86 27 -6 -10 -44 -41 56 -44 19 56 6 47 93 -31 98 -28 -49 22 -81 -16 55 -60 13 -4 -74 -40 57 64 93 2924 442 5907 -4469 -2397 1183 634 -12580 1032 -4134 -3426 -327 1974 -125 7439 -1588 
--  --
26 -6 -48 35 -47 -21 12 67 -44 -17 81 -6 6 78 34 38 -81 38 38 -37 44 -78 37 38 60 -50 -16 26 61 -56 -78 89 -72 85 -9 69 87 26 62 -41 -98 29 -19 -42 -14 -27 -77 -99 -3187 1983 -1294 663 7775 -4474 -7952 7189 7301 -3998 -3148 2477 7373 -9725 -436 6909 
--  --
-52 -82 -11 62 -97 16 44 94 51 43 -66 31 43 56 62 50 70 65 -87 96 8 70 10 -88 90 -23 -98 87 22 31 -45 10 22 -93 -95 42 56 11 -61 -31 29 -95 -45 94 -24 47 -67 2 -3900 -6889 2021 1863 -727 -3272 -38 -5905 -1439 8743 1021 -4387 10180 6808 -11413 5096 
--  --
-14 -91 41 -65 -96 28 96 -5 23 36 -7 -89 -39 34 67 65 -72 -22 -14 -2 51 37 -59 51 -70 -20 -1 -10 35 23 -3 -49 57 26 -11 89 13 12 -44 -4 31 2 2 -76 -59 33 0 83 -8721 -5361 5750 -1897 1471 1125 -387 938 -2456 -1125 -2170 6221 2216 2267 -1798 -1960 
--  --
0 -31 -64 -39 -36 86 50 -51 -92 -40 -4 -49 -81 -83 44 32 -21 -64 4 64 62 -79 -50 -84 -19 -32 60 -65 -52 -94 -31 1 -46 77 33 -63 44 46 0 13 -30 -16 93 59 81 -80 48 46 1276 8207 -1111 6806 7867 -1250 121 -12909 2109 13782 3004 -2269 -6008 7338 5533 -994 
--  --
-87 -95 29 15 -67 -6 91 38 59 -57 63 2 38 -40 7 26 -68 -37 85 -45 -90 12 20 -80 82 -79 -74 4 26 81 -76 -46 42 -27 -2 73 -69 91 -80 84 20 -48 72 -25 -73 19 1 38 17276 934 -12561 10868 13519 -1613 -15485 2130 6334 -7762 -867 2066 2339 -249 -89 360 
--  --
-6 -24 -76 -10 66 -39 57 77 -97 47 90 -37 -24 14 -93 -40 77 -79 -69 28 -84 72 -30 69 -10 89 -50 -88 23 3 -22 -34 73 -46 46 9 67 11 79 68 37 -20 43 45 91 -71 -27 -8 2157 -7981 5191 5295 9513 -2707 -7948 -8548 -13122 19025 1640 -6162 -3005 -5425 6811 9830 
--  --
-29 69 -27 65 -83 -78 -5 -40 69 95 63 -54 99 -77 55 -29 7 82 77 40 -6 94 -87 18 41 -25 52 -10 -56 9 35 58 47 -17 -86 62 -55 -62 9 -24 -96 19 66 20 16 -66 74 75 -5317 5313 -7461 4138 1905 -14435 -1246 -7060 5434 12536 -1500 782 5096 -780 16187 417 
--  --
65 82 -9 -86 94 -69 -82 -46 56 89 -13 -92 85 -66 -62 45 11 -98 15 99 -57 38 0 -23 -19 -93 59 -65 -58 -95 -22 -58 -3 34 -48 -65 55 84 58 -34 57 -13 -81 -74 95 -38 -51 -37 1197 5808 2393 10217 9227 246 -2429 18853 1078 7901 2016 9627 3200 -9381 -3447 11316 
--  --
-40 38 -86 83 -60 -62 34 -57 37 34 -57 68 -84 84 39 -28 -10 -76 -18 59 -85 59 -96 -52 -73 2 -95 99 83 -23 2 -26 75 34 84 -12 -91 2 81 -98 18 83 -97 -40 36 -48 -23 35 10412 3110 5426 -14972 -1309 2283 3771 4484 6629 -2403 1524 -7019 -11483 11964 -10353 -4700 
--  --
36 -6 -35 -28 -20 -17 -21 45 -83 -75 41 91 -84 -80 -58 -68 -41 -35 73 -56 58 23 2 10 20 -49 20 81 95 69 -75 46 -50 -14 -17 -25 90 -71 43 3 -56 70 45 80 47 -47 13 51 -5234 -1525 3960 -6152 3675 4372 -5219 1272 8501 5493 -12169 11418 -8841 -747 -2272 -3871 
--  --
-50 44 -28 70 70 -15 -97 92 34 -40 -97 -90 60 56 -43 -99 35 49 -10 -20 -38 83 64 -8 -76 18 67 54 -42 94 -47 -84 51 -59 -13 96 91 87 -53 -24 -61 -10 -93 -74 -95 -80 -70 60 -4183 7369 -1911 -6839 6469 9174 -12493 -14326 13849 -11913 -5262 1892 7494 -2516 4682 4406 
--  --
-40 56 -75 -68 -34 73 61 -92 46 -12 83 83 -26 26 37 -92 -6 -88 -57 75 19 85 69 22 -29 27 -28 -42 -43 14 -13 46 -99 81 -95 30 -37 -77 29 -12 -4 43 -21 -68 40 -30 23 9 6304 5266 9124 -1706 3859 9479 6506 -7768 -6575 -1636 -6874 3541 3563 4197 3368 -7155 
--  --
-26 -97 0 5 -68 -59 -52 93 19 -93 -86 69 17 -63 -20 27 -6 -79 76 -41 -45 57 49 -62 -63 -23 -20 47 87 -21 76 -73 -45 56 -78 74 -79 9 71 -75 -66 68 6 9 -1 -70 46 3 4911 -3659 -6415 6714 14486 1261 117 -2857 15414 -6202 3857 -4046 6416 -5116 666 301 
--  --
-79 -41 6 -60 62 0 71 83 -65 37 -10 -61 4 -88 -65 73 8 15 -78 -45 -2 98 -49 12 42 67 98 -45 93 -45 -36 -71 -56 79 -6 -62 34 -73 -6 95 37 71 -32 38 -65 -97 28 40 -5934 -2067 10956 6988 11276 1879 -795 -11975 -6693 4720 4441 8178 4205 -16109 -4960 -3454 
--  --
0 61 52 85 -2 99 63 10 -91 25 -63 83 -87 -61 -9 -25 12 -51 -21 -1 -21 16 23 76 86 97 53 33 56 -35 25 -48 -37 32 -20 -41 -79 41 -16 5 -55 -51 34 -82 -82 97 -93 -42 7914 2966 6229 2190 3907 7488 5857 9222 -2407 -3991 1256 -4165 -1978 3468 -760 -3688 
--  --
14 6 -42 8 -93 -81 -90 -69 -17 -48 28 59 -82 -49 -49 39 87 -99 -95 46 -30 65 24 92 -77 -15 -50 26 -29 34 21 -65 -42 68 75 28 36 -56 -97 -31 27 -1 -54 67 29 86 27 -49 3998 -58 1109 -387 3338 2890 9941 -9499 -3831 52 248 -8278 -2994 6963 9950 -12138 
--  --
-23 65 -61 -73 -26 -46 -17 47 -50 -36 89 -5 8 -94 -20 -59 43 -51 -89 86 -57 -54 -2 -44 -94 26 -30 85 32 94 93 -27 22 29 25 -4 24 -26 2 -58 47 -73 47 8 -89 50 -44 6 -1274 -10761 -2995 -8141 4635 7760 7214 -2876 -8599 6340 1434 4940 5690 -1456 -5403 4723 
--  --
-6 -2 -44 48 -99 2 -45 80 31 -87 23 -42 90 37 0 -45 -94 -82 35 56 22 25 46 83 85 -9 -21 85 -32 51 69 -30 97 -22 -37 -39 87 63 98 40 91 -74 -18 -51 59 81 52 89 -4659 3373 4025 -5623 2943 12716 3018 -11522 -1566 -6968 -6316 -2218 -6245 -8710 1696 9550 
--  --
-26 -23 85 -82 -37 -24 -9 -92 -66 -79 -17 -95 99 74 -92 -76 -50 -48 -51 41 86 31 50 76 18 30 -56 30 85 82 -89 -92 5 -10 -98 -23 87 -25 -14 -51 89 -2 -31 -65 -19 -16 -50 -69 -6113 -3552 2803 7261 -8206 -6807 9377 4837 -11973 -7595 8792 -530 -6725 -11501 10502 13846 
--  --
-52 -40 -20 -97 -92 70 -94 -68 91 49 -22 93 70 44 -35 -58 68 46 27 15 95 87 18 57 70 1 70 86 70 60 -85 -7 33 36 -15 -92 32 67 -84 46 -57 15 -41 -9 -61 -48 33 -17 -15493 -11680 4664 -4162 -10910 -2249 -2009 -5046 15798 13923 -6147 1648 2338 3579 5153 937 
--  --
-61 2 -48 -92 -49 -41 89 87 -71 -97 35 12 -2 -15 8 -99 86 3 50 -84 -40 0 98 61 48 -53 -72 -45 -51 22 -11 40 -42 87 -25 -14 -33 -18 56 -36 -39 -79 95 -52 -63 91 15 -44 -2980 304 1575 3663 -2652 -2968 -13912 1181 -1183 -1748 -15613 -1033 5847 -2644 -1109 -5111 
--  --
45 -61 -55 15 -97 1 -80 -92 90 -43 58 4 58 -3 91 92 0 -41 50 -16 40 -73 17 -97 98 70 42 39 51 -55 -66 -37 -84 30 84 42 64 14 7 -44 -35 58 19 -38 -34 -22 8 -41 -7149 -2003 -2122 2463 -12462 3378 -2063 1717 4252 3296 5960 4853 13532 -893 561 -533 
--  --
-88 21 -37 -13 -27 89 -47 -31 67 -37 1 -86 57 -68 -27 -99 -7 40 -27 -5 86 -46 -17 57 35 -14 -54 -89 -58 -41 -75 86 -71 -72 -8 17 67 -8 72 -38 -11 82 -72 -37 -82 9 -34 54 1810 -3368 4981 3730 7924 -3253 4161 6734 1364 7966 5144 -9963 -1433 9807 8463 -10218 
--  --
9 -13 97 -2 -12 -49 -49 -42 -23 -49 87 -7 -88 -68 -78 82 53 -19 -53 -10 49 -60 33 54 -10 48 -6 -5 57 50 86 -72 -94 91 46 -52 15 87 -22 -50 0 64 -50 -15 -53 -3 -16 -76 -1338 5180 -1660 -1186 -4850 -1197 -4235 740 -4843 7181 -1572 -2363 -2594 6058 9925 -8382 
--  --
41 -25 -58 86 1 -25 23 -42 -82 -56 1 76 16 68 58 69 69 -58 -4 -85 27 -43 48 -4 98 83 -12 -99 -43 -15 53 61 15 -1 59 48 -32 -64 -11 -12 80 52 -96 4 69 -90 60 -34 -7213 -7439 3970 7672 3453 3492 -3654 -4914 -10281 6096 1560 11791 5705 -85 6165 -3199 
--  --
25 -87 39 -45 -58 1 0 -26 68 13 -96 70 67 27 75 -47 60 -93 -81 -83 -84 10 -72 5 72 3 73 -96 53 -12 73 63 -98 45 18 69 24 -43 81 93 -19 -62 30 -52 -99 -88 -15 77 9133 -2514 3782 -9188 -4897 5673 2666 3093 -196 -7241 -8312 8032 4730 -5079 -5379 -15510 
--  --
-62 54 -95 -71 88 -23 -78 92 83 75 -92 -3 92 -36 -51 -4 -42 74 9 -25 3 -34 90 43 54 38 -65 40 15 -28 15 51 -64 -66 72 -38 -24 -92 -69 38 79 25 19 0 14 -39 33 -97 -3493 -8070 9491 -3535 -6663 1662 5197 -1656 -8202 111 13451 -2650 -6824 6244 843 -6189 
--  --
-92 -32 -62 3 58 -21 -73 54 4 -2 -42 0 86 -54 94 -63 24 -46 -6 -12 -3 -31 18 73 -89 -53 72 -88 -11 31 54 -7 46 -56 -20 -52 -50 35 86 17 -24 49 89 89 -82 26 -91 48 3419 8553 -4350 4121 7302 3561 -3017 3843 3820 2190 -2995 3411 -5499 -9200 1967 -12757 
--  --
23 86 -52 -73 39 -78 -71 86 22 54 16 -73 -80 71 81 73 58 -91 -19 -86 48 50 19 90 -19 -5 84 45 -67 62 -93 -94 4 7 0 -55 18 46 -99 62 -71 10 38 -48 -95 -13 40 22 11345 -2041 3547 10189 -5888 -1716 -16175 -21666 8455 -4007 8779 10590 -7717 15013 2836 10075 
