--  --
6.1449 8.2183 0.5644 3.5562 5.2503 4.0170 1.3175 8.5183 3.7004 0.5851 1.3074 8.4275 6.0780 9.2174 3.9669 6.5622 1.2894 8.5382 0.4242 1.7724 3.6593 7.5135 3.6264 0.4948 8.7493 0.1862 3.3698 3.2496 8.0910 1.0068 7.9524 0.6188 4.6452 6.9477 2.2546 5.4847 6.6895 6.9190 4.8917 7.5953 9.1766 0.9069 5.2255 3.7795 9.6041 3.3841 6.7823 2.0417 76.3529 124.5897 71.7683 28.5966 108.8653 90.7507 89.8819 24.2296 88.7923 49.6107 80.3413 23.0935 134.8533 136.0909 105.3366 34.3267 
--  --
4.7625 6.6539 7.8055 4.7230 4.6558 5.4117 2.5092 7.3571 1.8080 6.0112 7.1709 6.8774 7.0679 3.9068 7.7944 9.1100 5.0231 2.9975 9.0768 0.7013 9.4113 5.6917 3.6176 5.7145 2.0577 9.3568 2.3098 3.7350 2.8673 8.8474 0.9871 1.5183 4.4388 8.5186 7.1358 2.6298 0.1137 8.2603 5.2361 7.2298 2.4441 3.1062 2.9481 3.1799 3.4200 4.9957 6.5566 2.4414 120.5873 167.0822 92.4345 81.1082 109.0953 141.5871 78.0018 59.7284 107.2671 172.8142 64.4572 79.4015 117.0615 204.1826 108.4635 72.6676 
--  --
8.2355 5.2838 4.3481 8.2481 3.7197 5.1354 6.5621 7.6248 0.4789 3.0881 0.7634 3.6573 6.3846 0.8201 7.7261 2.2398 1.6267 5.1722 0.1752 6.5765 2.0875 1.6547 0.0122 0.4844 3.6167 7.9745 4.4289 7.2424 0.7869 2.8521 0.1688 8.0283 6.5791 7.6615 2.9552 6.3187 6.2963 0.9329 5.1593 8.1648 3.8847 2.7758 7.4702 5.0117 5.5500 4.0334 8.4886 1.8264 53.2218 115.8331 26.0413 159.9792 54.1655 102.7456 33.8399 139.7236 15.8193 29.2645 11.5900 48.0246 48.1223 110.5443 40.7362 118.1498 
--  --
9.7462 6.5365 5.9769 8.3753 6.2631 4.5565 9.7406 4.7464 3.5594 9.1657 1.9438 2.1146 0.1616 8.9654 6.9924 0.1835 8.5857 8.3902 8.1538 8.7632 6.0736 4.2501 2.9759 1.3309 9.8733 4.9124 5.5079 3.5054 9.8151 3.8271 8.2083 3.5469 6.2455 9.9070 7.9982 3.8107 6.3636 6.4656 5.3361 1.0970 0.8470 1.4920 6.2808 1.7095 3.5476 7.3785 0.9357 1.6329 270.8396 177.3309 201.4349 148.3122 234.1123 144.3942 158.7301 119.3066 134.1746 91.7976 90.6441 58.6400 130.4901 75.6089 69.7278 40.1427 
--  --
0.8696 6.4141 6.1211 1.3386 0.0630 8.7335 4.3326 0.9047 8.2918 3.7702 6.6848 4.4504 2.0042 7.8404 5.4095 5.1773 5.8984 0.7377 2.4924 5.4228 1.9990 1.0369 7.2747 7.1679 7.4442 9.3970 8.8379 1.7415 7.1101 1.9700 9.5274 3.9954 8.5026 2.9159 8.2469 5.0070 7.7029 6.1057 0.9486 9.6407 3.8033 8.1152 7.3817 0.9845 2.2767 0.9707 2.0839 8.3320 81.5385 75.1524 119.4827 68.9764 59.4314 57.7038 118.7166 75.0732 146.0980 82.5594 156.9557 103.4959 109.5823 80.2814 160.1512 105.5058 
--  --
2.1496 4.6583 7.6404 7.6453 3.7880 8.0163 4.1138 6.7340 3.9377 2.5942 3.6488 9.4794 5.2512 7.0524 8.7608 3.1920 3.0169 3.5348 3.8768 0.1205 2.8717 7.3061 9.7255 1.9346 8.9281 2.2657 3.3769 1.4205 7.2633 5.0814 9.2427 2.8169 3.7046 6.7803 3.3042 7.6330 6.8687 8.7893 7.7733 2.9066 5.4827 1.9706 1.6126 8.7161 5.9797 2.3523 7.5504 3.8358 147.3106 104.6605 155.5843 47.6408 126.8669 124.2850 170.7501 43.1304 124.0619 97.0815 142.0447 44.9300 145.1287 109.0627 156.7489 39.5494 
--  --
7.2244 4.7432 5.5285 3.9982 0.1365 5.0391 0.8361 6.3305 8.0847 4.1230 6.3693 2.1498 9.2209 8.4798 3.3649 9.4200 9.8592 6.3958 9.3696 6.4774 2.8566 8.2476 8.4611 1.7457 6.5236 6.9680 6.5029 5.4545 1.0193 2.6723 8.9007 8.7357 0.1084 2.8568 6.9594 5.3662 9.1485 0.0639 8.2483 4.3926 9.3167 2.2101 7.6708 7.6283 1.8915 9.2187 2.6535 6.1311 125.0261 143.6812 188.6785 122.0496 30.5042 65.2404 107.9089 78.7609 142.1880 144.0869 178.8605 115.7402 152.0536 181.9250 271.5002 181.3057 
--  --
5.8944 9.9672 9.8640 1.1126 7.9727 6.7867 9.4601 1.2275 8.4314 9.5155 3.3913 2.3264 3.6820 0.6736 5.9577 5.7527 0.8606 1.1110 5.2941 5.9299 1.6248 3.1399 8.0794 6.2992 9.0820 7.0576 6.5300 7.9105 3.0891 9.0761 7.2156 2.9342 8.6070 6.3826 4.4615 8.6370 9.5213 7.9388 5.5632 3.2566 5.9589 2.5280 7.9023 5.7545 6.4095 4.9304 8.3008 0.9447 122.8953 127.0812 190.1332 185.4425 113.9792 116.0138 170.2010 173.3958 65.1644 89.8583 168.3501 151.8918 84.7787 103.7219 111.1026 91.0299 
--  --
1.7086 0.9214 3.0730 4.7348 3.1451 9.0338 9.4862 4.2868 1.4275 5.4999 8.3493 5.1872 2.5580 9.1913 7.6297 3.8785 5.5941 6.8512 1.4920 1.4863 6.4781 3.7579 8.6536 1.1087 1.4228 2.7469 9.1546 6.2091 1.8109 8.9650 4.3917 7.8478 1.6481 4.4605 8.3577 8.3897 0.4218 9.4555 6.0448 0.8785 3.7738 3.4392 3.0154 1.7471 9.4818 2.5476 6.5380 4.1797 30.1215 66.4790 63.2223 69.2812 101.8364 129.4403 191.9752 109.7803 73.2457 105.9316 151.9547 107.3072 100.1212 108.6729 171.9822 95.9831 
--  --
8.7856 0.1794 7.9907 3.5939 2.2364 0.1348 1.6516 3.7205 3.5329 9.9905 2.1356 4.2066 5.0774 3.9295 1.6868 8.4511 9.3420 8.5850 7.8254 1.1216 0.7577 6.4075 1.0844 2.2890 8.9557 5.0379 8.4022 7.7716 9.6976 7.2546 6.0594 0.1585 4.1682 0.8713 8.8596 6.7279 3.1333 7.9601 5.5319 0.1696 8.5418 0.0306 6.8316 8.8933 1.3632 9.6484 6.9247 7.9261 192.7942 146.0364 166.4037 74.2988 72.7371 63.3350 54.0984 25.8908 109.3524 141.1510 88.7436 51.0193 154.2004 138.7450 118.2681 37.0641 
